function Jac_CWC = autoGen_getJacobianCWCCst(T,x0,dx0,x1,dx1,y0,dy0,y1,dy1,z0,dz0,z1,dz1,miu,t)
%AUTOGEN_GETJACOBIANCWCCST
%    JAC_CWC = AUTOGEN_GETJACOBIANCWCCST(T,X0,DX0,X1,DX1,Y0,DY0,Y1,DY1,Z0,DZ0,Z1,DZ1,MIU,T)

%    This function was generated by the Symbolic Math Toolbox version 8.4.
%    18-Oct-2021 15:45:24

t2 = T.*dx0;
t3 = T.*dx1;
t4 = T.*dy0;
t5 = T.*dy1;
t6 = T.*dz0;
t7 = T.*dz1;
t8 = dx0+dx1;
t9 = dy0+dy1;
t10 = dz0+dz1;
t11 = dx0.*2.0;
t12 = dy0.*2.0;
t13 = dz0.*2.0;
t14 = t.^2;
t15 = t.^3;
t16 = x0.*2.0;
t17 = x0.*3.0;
t18 = x1.*2.0;
t19 = x1.*3.0;
t20 = y0.*2.0;
t21 = y0.*3.0;
t22 = y1.*2.0;
t23 = y1.*3.0;
t24 = z0.*2.0;
t25 = z0.*3.0;
t26 = z1.*2.0;
t27 = z1.*3.0;
t31 = 1.0./T;
t35 = -t;
t28 = t2.*2.0;
t29 = t4.*2.0;
t30 = t6.*2.0;
t32 = t31.^2;
t33 = t31.^3;
t36 = -t18;
t37 = -t19;
t38 = -t22;
t39 = -t23;
t40 = -t26;
t41 = -t27;
t42 = dx0+t8;
t43 = dy0+t9;
t44 = dz0+t10;
t45 = t14.*t31;
t34 = t32.^2;
t46 = t15.*t32;
t47 = t45.*2.0;
t48 = t14.*t32.*3.0;
t49 = t15.*t33.*2.0;
t50 = -t45;
t55 = t8.*t15.*t33;
t56 = t9.*t15.*t33;
t57 = t10.*t15.*t33;
t58 = t14.*t32.*t42;
t59 = t14.*t32.*t43;
t60 = t14.*t32.*t44;
t61 = t2+t3+t16+t36;
t62 = t4+t5+t20+t38;
t63 = t6+t7+t24+t40;
t64 = t3+t17+t28+t37;
t65 = t5+t21+t29+t39;
t66 = t7+t25+t30+t41;
t51 = -t47;
t52 = -t46;
t53 = -t48;
t54 = -t49;
t67 = -t60;
t69 = t46+t50;
t77 = t.*t32.*t64.*2.0;
t78 = t.*t32.*t65.*2.0;
t79 = t.*t32.*t66.*2.0;
t81 = t14.*t33.*t61.*3.0;
t82 = t15.*t34.*t61.*3.0;
t83 = t14.*t33.*t62.*3.0;
t84 = t15.*t34.*t62.*3.0;
t85 = t14.*t33.*t63.*3.0;
t86 = t15.*t34.*t63.*3.0;
t89 = t14.*t33.*t64.*2.0;
t90 = t14.*t33.*t65.*2.0;
t92 = t14.*t33.*t66.*2.0;
t68 = t45+t52;
t70 = t49+t53;
t71 = t48+t54;
t72 = t+t46+t51;
t87 = -t79;
t91 = -t86;
t95 = t35+t47+t52;
t73 = t70+1.0;
t74 = miu.*t68;
t75 = t71-1.0;
t76 = miu.*t72;
t80 = miu.*t71;
t97 = dz0+t85+t87;
t100 = t57+t67+t91+t92;
t88 = miu.*t73;
t93 = -t76;
t94 = -t80;
t98 = miu.*t97;
t101 = miu.*t100;
t96 = -t88;
t99 = -t98;
t102 = -t101;
Jac_CWC = reshape([-t55+t58+t82-t89+t102,t55-t58-t82+t89+t102,-t56+t59+t84-t90+t102,t56-t59-t84+t90+t102,t75,t73,0.0,0.0,t95,t72,0.0,0.0,t70,t71,0.0,0.0,t68,t69,0.0,0.0,0.0,0.0,t75,t73,0.0,0.0,t95,t72,0.0,0.0,t70,t71,0.0,0.0,t68,t69,t96,t96,t96,t96,t93,t93,t93,t93,t94,t94,t94,t94,t74,t74,t74,t74,-dx0+t77-t81+t99,dx0-t77+t81+t99,-dy0+t78-t83+t99,dy0-t78+t83+t99],[4,14]);
